2739653599
2817182759
4284458923
2458686823
4029554051
4078517203
2403285691
2280033521
3986187203
3102441757
2191077437
4284385243
2482841269
3792435161
3631987721
2730171713
2487143261
2732419579
4275902689
2824938709
4090883837
4104195943
3530885521
3701822431
4224150559
3885832421
3887697257
3704877523
2186360087
3230362649
3599768761
2806838351
4225635301
3558677263
3960179501
3653565511
2348373887
2572236907
4290113969
3373256531
3660583351
3118377683
3223210951
3926338727
3124679057
3858920981
2640550729
3675695281
4098181037
4108695313
2203244011
4252629791
3712844953
3415002559
2333152663
3239177503
3366086147
3202177117
3150760621
3761140241
3992253919
2647838749
2865818489
2791839389
2150194369
2430261623
2945680183
2816327951
2523298913
3471458729
3911595551
2743367167
2158887109
3818939837
2681910299
3839648777
4138195367
2446462241
2615148727
4282292423
2852692693
3961196149
4121766041
2679941893
3800147047
3514545977
2606866909
2308681931
3782215397
4026300221
3112623181
3159980023
4245271013
3252399209
4057489379
3028004339
4000654327
2205874751
4160727073
2274563803
2792113627
3669367279
3638954663
3354738773
3370992127
3511480099
2856250897
2160986393
3518744527
3358145437
3927455299
2561162827
3246495691
2158150403
2317403213
3540414061
2722902607
3504408827
3790506583
3033341869
2725219769
3666971419
2184313337
2152988891
3384843589
4014601951
2937213991
2525956837
3132871223
4121168827
3158833697
3594403493
3023682967
3886591879
4171830217
2504336587
3545876573
3432031853
4228131253
3122785433
3203403953
3493860833
3757212937
3050064097
4100173327
3911464003
3855994379
3921310291
2335665011
3997916717
3599516069
3842223109
2592441713
3626899231
4022642497
3768409369
2550026137
3817887413
3857747599
3887861773
2369608151
2282748227
3242858501
2640938197
2842581233
2484878821
3311059267
2777742193
2314192409
2289472487
3050271773
2981438357
2770671797
2693579599
3455947483
4272876299
4139652739
2881424207
4108698959
2429247811
2801819567
2845881419
3247870819
2339565353
2234184721
3343163393
2579116229
3758806549
3431036117
4130145077
3967851989
4015891273
3041534591
3551749147
3221151091
2318535491
3894930157
2785864589
2833033447
3124071323
3124788757
3955636357
4084436287
3816869627
3499128089
2470494967
3530114281
2834416261
3113349131
3034534207
4216302011
2820076327
3612309361
3331317287
2437885699
3034359613
3546429241
2489438737
3273702919
3198662959
4072069403
3375008257
2593527593
3100572547
3237565117
3718179937
2999611063
2150515021
2757253319
2907427153
2788764611
3729724169
2595213011
2696377889
4262097649
3087014779
3608344109
3522564127
3152005097
2256898247
2315246897
2851255811
4235717489
3152597069
3443165633
3971890067
3063364721
4282162559
3614182777
3268742459
4180022897
2893638353
2787637477
4158935591
3711142579
4109232161
2299470367
3028841971
2583016253
3495078779
3734144083
3571246817
4064494747
2612301077
2786467193
2296488671
2392881241
3952505917
3845300881
2459955923
3193290083
2701268819
2875320271
2383188629
3079356911
4056151763
3888573179
4139081671
3892434713
3418377701
3092656223
2971616497
2901785609
2919410693
3366275777
3342982651
4099633493
4020325681
4146838301
4065686431
2511554137
4055667013
3140048657
3876293147
2708870653
2875858519
2954386483
3660129637
3059020031
3137683561
3280843771
4009326787
3182438239
3708130567
2732404027
2949939061
4175038493
2831862889
2985711689
3956729003
3434680351
2209348511
2287339853
3708366083
3542136023
2511106831
3461517737
2716022063
4108489601
2341168199
2274989779
3080536891
3562602371
4100889113
3482170663
3803122691
3459364991
3778937863
4276236563
2592867127
3374492861
3016624861
2840717371
4072189777
2989089293
2745134597
2857726019
2342314309
3336340703
3773421221
3627440587
3471421309
2668807859
2416906003
4130124961
3765195227
3417923567
3341128537
2837581267
2950560887
2963804267
4056281611
3606547969
2193095963
3252880879
3046553893
2811875107
2697911641
3332516009
3499016033
2693264227
2631571997
3088467859
4123017187
2735494717
2301829021
3235291379
3020559083
4174971103
2565252827
3929108233
3271969403
4154180971
2701725853
2931356161
3628184543
2636318287
2569476907
2570902813
2709633041
2452885559
2444339083
4285215391
3174345217
3283839571
2894625719
4008401801
3595287229
3035691563
2436142613
2809903753
4265901929
4049188657
3089482531
3887391883
3179073137
2682402089
2647404497
2215322047
3433963343
2740472807
3744290321
3625872343
3175955743
2291133881
3225522901
2271041737
4276760701
3756912683
2314447957
3839396879
2630340311
4066279429
3547896643
2565102523
3163461739
2696813521
2171745991
3718466161
3879112247
3659870737
3461904517
3293307767
3174606229
2833138381
2388427267
4156584781
2296412159
3694190053
2493410921
4261443299
3931465957
4071156091
2923481423
3332052967
2508335377
3330130751
2769532063
3393471139
3903174307
3402528191
2700036623
3669368399
2428860947
2817414827
2314108189
3730088389
2412323713
3920570509
3215758229
3242568827
2745418523
3760322147
3133689523
3992990381
3051610357
3124903963
3833729411
2872320371
2593113623
3897881833
4131994523
3978505637
2432999669
3145252213
2198219761
3464449603
4270257559
3805086107
2431466773
2868883793
4133938031
3279288631
4088573113
3683078629
3734566889
2889513563
2913540101
2903044649
3558347063
2414707019
3370032773
2668764563
3624021539
3818648651
2695230469
3700683271
4285851301
2284939109
3195106337
2536551989
3116792449
3681111169
2957147527
3571247629
2439896843
2565491609
2986971223
4200267457
3037441397
3729741919
3063712829
3320563619
3586381343
4073902697
3229718027
2315362711
3035385883
3322585769
3020459251
3647337347
3827864879
2582419907
3135428993
3713745391
2846072941
3000083747
2359544333
3444198697
3443133677
3892651549
3807014749
3546191437
2215168027
2550987371
4130849453
3487681487
2751826841
4284045263
2337796957
3314316121
2634493481
4100665819
3928409299
4042686269
3022652467
3282521159
2950862797
2235315457
4077364483
3637631779
4046093797
3597592409
3411316039
3610668697
4016490971
3921354821
3219132253
3321669811
3601475303
3047849993
3416335379
2421286913
2309746891
2949509053
3368404961
2725759901
4264868981
3472121227
2563484971
2789985841
3470471687
2622851639
2342460019
2572852949
2158744801
3259185673
2537984629
3611545109
2659450253
2848702271
2207668429
2991368893
3546825059
2922490357
3109713653
2923668827
3904768843
2996860441
3280638887
3340705757
3253747139
3164651209
3607404701
3165357841
4292464543
2494669469
3086148157
3949753303
3895609673
3444449779
3720316181
3384263633
2905087033
2943291713
2825158727
3510671179
2282152343
3377594371
2984452813
2533922953
2433180613
3825148363
2624361353
3991458377
3470458003
2526283289
3863686103
2318790401
3445223923
2989396741
2787964703
3957606091
4147593677
3031270061
2888231699
3836970343
3571976663
2243603671
3504734777
3910343387
2239236149
3769328197
4169824501
2577139387
2484064001
3581658337
3888531137
2687304791
3595974251
3235980287
4085432933
2915194621
3591909281
2350395517
2628075529
3206192909
2902903753
2461586573
3878883623
2287614083
4256165717
2273353867
4033260599
3759667553
2664527473
3335838523
2903203873
2436426931
2498110877
3964640717
3851936191
3883134797
3664888991
3127630039
2932376809
2777031359
2541614041
3544695191
2568804031
4271054393
2422522073
4260884429
2506841819
4258496471
3642827399
2672061811
3051437359
4123740161
3721260769
3780770431
3412744319
3853075231
3687486497
3784779517
3790678319
3339091061
2465233591
3697600019
2827702513
3137540599
2156942771
2882593699
4161307043
4113964847
3239084309
2149592057
3755085599
3016604341
2167264613
4045906253
2483439449
4091889649
3773957287
3941953837
3978924973
2694749777
3487503013
2558171873
3696287891
3077524651
2597268991
2924386481
4047118489
2738065177
3512375147
3226920227
4228180699
3563817079
3904576453
2573813233
3129652657
4052578487
3995827489
2739583247
2627408341
3418624753
2248350967
3189957943
4135220977
2285851129
2901442969
3262206419
2782166839
2151441533
3537732461
3721807651
3786496897
3535108781
2274516707
3736214561
3270153853
2854029331
3440174797
4168363411
3762143941
2791544323
3991690057
2278236377
3250361183
2732578531
2667812561
3339885587
2383953553
3020572967
4059524717
4154084833
2480189363
2581413437
2639631571
3600503783
2466491623
2492436103
3315690991
2692945369
2262802301
2645515987
3851166647
2204146697
3302570891
2780057729
3299310769
4224724643
4076877061
3589023029
3527818663
2491810247
4218316733
3071488201
3750150101
3854037959
3529330901
2682500923
2583401707
3273021469
3408202097
4067822459
2820012089
3505498697
3126927379
4162044349
2503229623
2573742943
2741438261
3472737461
3946020779
2835533483
3376438993
2544181429
2619109817
3997975829
4107197407
3077993903
2899845947
3491114581
4175658601
3872547611
2549293561
3563073617
3207683827
4195853143
3623141681
2598395801
3022002779
2943205037
2342560877
3181197937
3001875077
3450210347
2461204133
3808069367
3596045797
3215137073
2169464249
2753828743
3855468557
3900133001
3189005419
3056451019
3339768137
3163608919
3935995991
4031806957
2293314013
2933420551
3872598557
3549584429
3343274819
2204661497
2347339157
2181645971
2734269247
2404155371
3648036683
3996434191
3615011837
2879564573
3995488709
3304686317
2487182561
2362076183
2679689009
3771314359
2393005471
3794721169
2533912151
2592207049
3294757409
3279327983
4098501991
2218353671
3054406093
2219124517
3825148843
2575501517
4005890851
2867908633
2467837901
2791586401
3166435427
3058335317
3630977221
3409063111
2155925897
4025559143
2916316423
3575911231
2339734427
3771201593
3244182937
3188288941
3212244173
2464758979
2582806619
2883782203
3147280399
2724020917
4021987967
2601142867
3786997889
2211142501
3181780499
3654327799
3200574799
2358376147
3019911227
2680521527
4008489403
3751158181
2703787061
3555234413
3596811077
3631810459
2206200169
3501424013
3699361229
2161180033
3532419929
3911907889
2793297361
2612974673
2458073363
2398864757
2148308963
3044588563
2465504903
3447294439
2691123157
3192100129
3423169927
3668469391
3781016177
2557312649
3029913283
3140072011
2548393013
4264612279
2860795159
3610675177
4269091397
2972616707
3840064853
2820407501
2743515563
3983994733
3719590207
4207973411
3791854427
2322946999
2272470379
3822248597
3550854319
2759478587
3473340631
3804919231
2598541831
3223521787
4236223549
3224158181
4288680233
3593949683
4263290197
2405634281
3293075543
4188338537
3272366059
2614928131
2394373213
3156412397
3342453677
4240740761
3552015031
2437218359
3062900461
3911311549
2212281691
2885979323
2504999137
2347658273
3457056809
3045537127
3931423039
4069913039
2601509111
2340567781
2968197919
3322503733
3171079889
4055180593
2787890579
2497911973
3430273901
2436245477
4099636691
3039601259
3409095587
2319398747
3101614687
2505396007
3398947463
2790051263
2791585661
3103273457
3744648911
3652757393
4009770799
3990032819
3488553781
3607663777
2322041923
3600261383
2996783381
3268250611
3401288071
2318499097
2691529553
2916615011
3551998627
2803100467
3619351259
3383185121
4052374583
2798184329
2817944251
3090801107
3929996383
2689848653
2329086469
3578158289
4001237993
2992117043
3449498537
3795333547
3836542271
3743941177
3892612237
3156522709
4011047107
2241437617
3177522541
3572296961
2331401383
3956928743
2512302977
2266862639
3211714013
2564716807
4069618453
2913359063
2279395799
2735605277
2563701113
2882556349
4138541287
4204733963
2864921533
4161082837
2813006249
3584104703
2666381239
2166445063
3801257597
3281021141
4153277201
3944767217
3555554339
2714536777
2959369723
3901746683
4210584197
3451300987
4078477693
3311653903
3130672001
2540579207
3870257753
3428072603
2724609553
3479400901
3991361069
3175389979
3284419769
3445193891
2852847229
4207698701
3767689829
2230679929
4022985101
2834671507
3665283091
3004153847
2711939171
2637971801
2775240967
2865488267
3470693857
2470067539
2251615759
3745351609
4168619801
3732786719
2206321373
2785110791
2908288667
4059643883
2464565953
3848349299
3226866803
3382479413
3058638103
3919830857
2665738463
4112841659
2258120869
2989939417
2450816597
3449847931
3242742403
3677420053
3222956207
4072357141
4264826647
2178746897
3460372723
2234607521
2541890627
3670976357
4200862201
3369980881
4257407633
3515788249
4277473793
2826916219
4180662601
2225479013
2628772177
2938899247
2286200219
3344682283
3445228321
3816334747
4105160023
3201051199
3597397637
4227268009
2646952883
2415288223
4149052373
4168747559
3396034987
2576672771
3737500373
4237298911
2458384091
3946162151
3585401377
2968221239
2748442579
3307569169
2823629903
3427885471
3973738357
2919454619
2785530871
3417723823
3855728699
4201327189
3280855813
3476205989
3476818559
2648984101
3294985999
3419148043
3289401251
3409445287
2920688161
4285339259
2399671067
3960704159
2713461371
3943330411
2397654179
3142379459
3716750221
3615761701
3666073163
3138318343
2423655499
2997524557
2467934207
4232521099
3119504431
2629685567
2663074541
2258861459
2363847427
4051343299
4186780831
2927007191
3762688373
3219950101
2712639463
3957160513
3054624361
2846879929
4279497011
3472123297
3042064453
4153375717
3381597629
3852581279
4083880679
3169448419
2237316241
3658827191
3621413407
2432649469
3256694663
3056890283
3504830053
3137651819
2720621857
2643243727
3703908521
2839960451
2186749709
2570743933
3993086563
3712420157
2277467783
3560345687
2548042697
4196274449
3056217239
2551078001
3665490529
2681404969
4090089247
3641590577
3273370739
3531949873
3912453689
3783062321
2863238723
3913574297
2851108439
2997598313
4137548977
3456485803
4038999343
3097243543
3233471909
4216478213
3697709803
2159426749
3932741927
2604690233
2899704077
4079508583
2614450639
3239490523
2343545563
2928385883
3736945843
3420142933
4282728559
2598580573
3908020783
2374285103
4209620561
3870887809
4293258881
4038500447
2193376333
4182185747
3992171749
3776854187
2278990919
2992083071
2498297063
3615769277
2695832723
3750078707
2735971813
3185470759
3507757859
3290280947
2246742737
2738780719
3464577569
3631438997
2730408227
2690528213
2457666793
3566464259
3396881239
2169422471
2188426367
3043718473
3871433479
3751293913
3376862807
3241682413
3452933863
3600377413
3097421429
2405065027
3456890117
2518444507
2722004291
3799180421
3995657321
2387988763
2866710797
2690922517
2234319743
3677438911
3110955829
4197576673
2470965953
2207624737
2717061343
3283936207
3118044967
2361507901
4123409371
3734917237
2379954431
3451338431
2855928473
4004146477
3134599711
2974691347
3426504467
4092788911
2178037559
3417917807
2596822451
2585458157
2226564779
2814117217
3532833391
3390550811
4242645007
2390780309
3627338389
2743057003
2530370387
2883520537
3962038153
2492621051
4265902379
3184116667
3466258739
3027256151
3817952557
2664280037
3347232991
4177346297
2878525261
2402420129
4157275393
2440892141
2373142417
3182161679
2376403423
2413089187
4003477409
3889460063
3566510471
2628136813
4151988637
3465062551
3418116521
3525185353
2511334183
2738024987
2614340909
2477171687
3776276389
3124831091
3528882223
4007361503
2593720529
4195015661
2187218153
3145466251
3432796637
3195932149
3019369721
3788581523
3837335977
2207385391
2453898737
2837695307
3918699893
3869389991
2187049741
2718681619
2727428729
2776410977
2791698269
2318906761
4245564767
3056493683
2720908397
3497519749
3781942231
4089968287
2352339019
4218975793
2234465983
2542017131
3706422823
3464889223
2324553199
2443680119
2303330971
2651602979
3875585899
3513086209
2856059147
2691325249
2181920003
4014784831
2832890293
3697049729
2287891589
3169120879
3602068229
2733777173
2829703243
2362917911
3914771867
2508710219
2532789899
3531472333
2167230823
3548566117
2627732647
2381524571
4045412561
3676365571
3342069473
3221146871
2444599127
3775785023
3327562129
3313380407
2990721397
3042120227
2222580007
3409633691
2877829187
2904952087
2690724341
3263165953
2446983793
3542491079
4022709359
3096309353
2748939157
4212720509
3012550061
3761813191
3271835869
3092056967
3352771691
2827423409
2673678011
3010229093
3551301659
3662761411
2757905201
2451595379
4284910823
4240907569
3945089371
3835024327
2164840087
3702311147
2742652573
3032345623
2492058511
2418490313
3660329333
3316842173
3491966273
2299842509
3239730701
3199914041
2891802691
2523229153
2570584631
2416337527
3732187133
3900148363
2755140053
2851112287
2222783923
2442722761
2540941439
2444475667
4029945131
2939453317
2945527331
3533215457
3643081397
4115419201
3316024433
2381353283
2318376367
2509429847
4125691847
2673271637
3594533939
4002328793
3141837113
2906475917
2496953839
3317823137
2444539873
4292153297
3946125881
3107255761
3742043579
4234707727
3151856683
2419540003
2379565283
3421711999
3318877657
2894773811
2482675127
3765827017
2521543723
2327040509
2499094193
3561539519
3596915359
4085948677
3077855357
3378210751
2871198917
3833799433
3927014447
2605704071
3610058267
2879106287
2919957427
2632957771
4007473511
4077995107
4270423057
2853593833
3713313029
3726410731
2983633123
2647701811
2461800317
2492051521
2359728779
4175200219
3893233369
2329019827
4267232183
3295615723
4262418197
4019041421
2976862897
3807842113
3533418313
3468481201
4005481793
2539412951
4075992563
4161545671
2231125783
3175690303
2797789279
2554554917
4184914117
3195258611
2990860123
3678392911
3467334457
2378121107
2870892449
3712236509
4000341613
3775050229
2859051421
2875568239
3987128447
4142474177
2798437751
2713586951
3579181699
2318273743
2616385763
2158838569
3375637219
2172584327
2266990907
2385069821
3598534783
3927796073
3923980373
2418604319
3661075283
2340560141
2289660271
2414325061
3747886273
2354746841
3208258409
3039411233
4069767511
3445224317
3694650313
3095717711
3712386229
3860004727
2379818011
3554846357
4088669051
2919966521
2479611751
3612566791
2735062111
3429811103
3745097453
2378402717
2581993039
2991282941
2349031297
2643398333
3128908267
3275159039
3557316289
3969827611
3212845481
2463089821
3874848451
2320329797
4139157523
3263624297
2736731303
2225289347
2387254313
2535924301
3081431051
4276193843
2292070397
3369619219
2174797613
4188083651
3991676323
2980637861
2512692379
3172817699
3084727487
3539551381
4038552341
2804192981
2459130589
4146359669
3924988729
2586429383
2872879199
2557729103
2156376637
3856436891
3987516737
4031708381
2879589379
3870265409
3721211717
2249320433
2490913583
3938698097
3025248503
3098251843
3100096949
4220686403
2669584529
3549768193
3339544057
2828901763
3668585587
2243757781
3517937461
3228607891
3337254857
2606958311
2984480371
3391697671
2482421407
2604713323
3660583877
2903661049
4203223357
2461240039
3842903459
3509410153
4263767723
3914500453
3065866091
3391803889
3265265621
2825822509
3657381817
4007359903
2355304877
3828137191
2203410217
2156505821
3662459701
3989984951
2991257483
2837513521
2994604157
2736445211
3817538213
3721797649
3547714193
2853817117
2951763937
3217173073
4190994757
2774881259
2703681187
3831578383
3048753287
3131527757
4139691181
3212184809
2740315807
4150913027
2422567109
2942210941
4138620149
3973656991
3140713139
3649382461
3965453237
2837696003
2344758139
2597076827
2738170973
3938524111
3613093201
3856320203
3236914561
4275631141
2340511133
2569251169
2812105381
3152641333
4061832871
2812936261
3285598991
2445954923
3756796217
2583836621
2735623931
4053526721
2386142237
3277436917
3792930359
3535712041
3339988247
4162852517
2574280067
3560755711
3860296877
3634474913
2262255323
2674530283
3161364853
2233694789
2255195147
3547770067
2766723077
2221124897
3865069177
2579331961
3289062871
3010750153
2365711547
2651711539
4170039227
3567773141
4226696083
3088782559
2296328803
2592685177
2988578717
3871408999
3095270041
3881157503
2598615179
3077291069
2866237211
3766420481
2306718353
2708900057
2762952607
2916383257
2218726753
2855442929
3068583977
2451339217
2389315637
2801371117
3874203761
3773698463
3780004117
3366190097
2903043967
2324895523
4037063183
3606103819
2170465727
2997798253
4021183223
2182000633
3768786323
2889000727
3258019463
4076690999
3791572121
3865479353
3761200811
2838213683
3951960139
4070132681
4019905301
2552406709
3609075179
3132975011
2781221227
3213886231
3708787763
4027239661
2755368949
3549186569
3342502741
2247520673
3796988431
2188858157
2247676411
3913280897
2688555823
2850749221
3526560647
2968680383
3954131953
3840758219
4165171211
3891127859
3948597091
3549071231
2195775941
2233294829
3123151061
2150416999
3522954427
2892027973
2149359139
3948509657
3952298639
2337065657
2693107103
2398762349
3032769637
4027418573
2566140389
2956920251
3425490839
2480098427
3739370329
3668295889
4150128649
2959321681
2223662599
3319915603
4113775969
2770795681
2850726271
3568127117
2344998463
3861785381
2322565867
4289562091
2564337289
4187590777
3445355297
2692654927
4131804373
2313390449
4027721563
3476509513
2362182817
4069334963
3459281461
2620117831
3722094251
3632153543
4203615587
3670274297
2745827179
2222635967
2302673053
3408609539
3648925481
3456149369
3480087733
3985848151
4144905199
3415045979
3209980093
3317937461
2196619781
3628242427
3818272873
2824948393
2774574703
3791211631
2693421581
4108366369
3568666643
2854931977
3051616481
2911889647
3051077369
3912710041
2683475651
4132705949
2921300617
2149532243
3118015357
3422993183
4267841563
3746916743
3550641827
2342715559
2452449803
3918195767
2396178227
2527278713
2372084437
3667218689
3737255563
3021192803
3466612937
3160664783
4078115891
3965233667
2358676963
3454172329
2794085743
2619292549
2554681373
3390687103
3417264259
3575360753
3370328417
2702506421
2229814393
3424936091
3395784059
2300700163
2425422269
2538566183
4088636723
3713303467
4215786077
3156045703
2671164493
2260994969
2745911551
3359970793
3510961127
4282419499
2897470789
3557989093
3825100397
2656710103
2393168293
3005840083
2523871703
2701492121
2442060871
2434138549
3447568133
3443651077
2680690349
4241792809
2477395577
3948681169
3739242889
2740451809
3400787963
2624790163
4178468159
3994702969
3114704741
2790450763
3367964987
3656188541
4187883757
2694172307
3982603103
2687614387
2363530823
3647296721
2416564211
2793089843
3939396821
2300532277
3987322673
3253420031
3556088153
3720861329
3557238137
2536987067
2739246143
2168310721
2304842237
2335681619
3818351737
2986804423
3940389437
3169594157
4009684771
2387331769
3088179713
2721763103
3716306129
3941492833
3757424221
3034166857
2254286579
4262520673
2607626537
2198421607
2717454041
2358215611
2208447581
3902721089
4270117177
2600725573
2212762187
4001866613
3804161351
3119752877
3794259527
2884234319
2587474501
4203133139
2162273381
3834656411
3316965083
2916659989
2857387747
3299671273
2327689681
2997843701
2583252989
2711090813
2870438773
3575632237
3239936267
2189364721
2840767823
2607826709
3495685799
2522335901
3360658523
2207521739
2565783301
3692463991
3051221479
3410962277
2233503607
4122207211
3712315241
3778849381
3979758773
2888421889
4187023271
2212959689
4272134767
3648261049
3435609043
3802825673
3486038771
4293302201
3216298829
2297680403
2819077763
2924907719
3336578747
4070800007
4141689053
2829222853
2602356587
3882013151
3799866193
3463220389
3720855737
3104694317
3674719879
3160103777
3615404579
3317624993
2196902399
3039025589
2781927359
3678581581
2979350597
2645782417
4263232469
3347743873
2198912857
3100601657
2999226029
3210296459
2928001789
4142044771
2213570533
3578660999
3880406483
3674443111
2708778389
2648843513
3644170003
4238669443
4237504433
2259722317
2895075611
3290705701
3325037533
3505848959
2731176947
2890286111
3866182163
3879724733
2243784001
2558763169
3497800723
4283617367
3719605283
2956814983
2441693389
3137027389
3721558909
2539840463
4176813611
3899183731
2741488613
2575080467
3113387161
4110716429
3358345747
2184562351
3281647741
2658231973
3054929341
2612569433
4075229101
3514949941
2321283157
3521744773
3432578353
3761097827
2302788479
3417350647
3502903319
4144476443
2945654429
3927954463
3128179807
2453083649
4284315611
3442755347
3241648789
2784856667
2314459607
2750029913
2781775877
2257402039
3757816939
3581245373
3159279311
2952589643
3566060431
3148595729
2739966547
2957403313
2233175561
3567248053
3598000123
3003704411
4245847891
2260009343
3978674599
2618001401
2442110747
2734938559
3785924399
3980833177
3539617439
2795850377
2987583661
3157213687
2776584043
3437908553
3203145697
4039304383
2152457429
3502092703
2749853269
3154578653
3548698423
2627682797
2179698151
3793938133
4231933339
3583260847
3468838019
4086437827
2188604549
4007110777
3629381909
4095211103
2308695167
3896674367
4101975347
2673683503
2230349749
2620334771
2734620431
3799324093
3252389471
2190063983
3036443209
3354068077
4239505381
3826987993
3767529499
3487627271
3278312693
2419714933
3371073583
3614685023
4128471491
2441633297
2176855357
2797040663
2738808557
4005666547
3256923547
2754910133
2320391267
3168928739
3718831747
3231974939
2778870223
2282152921
3769810103
3163752203
3070531979
2697063529
2599849523
3399787163
3613618087
4105885853
3430535807
2219966711
2419685761
2345619037
3585910219
2413999873
4014783559
2256064211
3204454307
4282579649
3598788593
2830426601
3239422937
3841300237
2536078511
4289987963
3563772463
3849380531
2524028449
3130001837
4240628797
3178090631
3719059849
3429261529
4095544751
2668978561
3792535387
2447843249
3972711383
3833527651
3976945997
4058264689
2884980491
2352198467
2838824063
3349806637
2877705841
3408754729
3632681989
2850452741
3818036653
4293216923
4042572497
3610674161
3887163971
4294746359
3763767299
2454836071
3613877929
2502374929
3202108937
4082260657
3617303861
3772042213
3062204533
2557461631
4253103739
2292515669
2653050241
4125951961
2273964577
3097702913
2311198277
3345939073
3837236653
3548724217
3300776111
2332309853
2900769917
4107494033
3810003377
3084349183
3372872687
2395990543
3270227167
4107487987
3185126251
2237562499
2275520591
2549188381
3606177359
3552832433
2257044431
3169329589
3367103977
2787637493
3855198937
2195131837
3904989581
3816441989
2151922813
2317137863
2768193817
4133141113
3591283681
2887684783
2237963479
2277787637
2365460173
2836427501
3404821487
3796776523
2807047127
3808641313
3754747429
3050207899
4142136301
3483245539
2185149997
3456128939
3933088903
2516593939
3475377887
2547956071
2365658723
2312655703
2492736937
2463722801
2970899969
3046816999
3015666359
2437506191
2237991263
3120219833
2891178161
3443451961
2259459557
2661259057
4139147147
2519381311
3758697659
3566296787
4120305643
3525617149
3915735521
2957803309
2195027617
2161808423
3297924137
2965036097
3890757217
2346725453
2415544199
2948569271
4152040481
2535536699
4294461383
2383301117
3362788127
3079328191
3774427529
2736652313
2826944473
4253300113
2518417609
2807312653
2676815837
2509240091
3320827099
3597048383
2452241021
4004033557
2265622699
3977929861
2322887851
2992277677
3449156563
3153290099
2839741951
2753575421
3589469441
4137530653
4229050583
2390903003
3651762137
3134057453
3799777873
3320535091
2842997071
3955607497
3260550443
2336386573
3924205511
4122723323
2648656849
2260331083
3280445227
2786324413
3166651949
4032065929
3602078423
3007304891
4139622577
2688256783
3128526997
3455449399
4111900193
3895949137
2984519347
3315476413
3803028283
4056098923
3064149331
2765718689
4183819837
4206953581
3424111193
2246856463
3025775089
2355411187
3847215367
3103485239
2521879417
4028477177
2585291663
3863868751
4171090621
2431603199
3862430927
2583290399
4191459913
2245770539
4140264641
2392057933
3446165069
3023635309
2150236607
2499033127
3917638343
4276407929
4287925883
2201547259
3061124503
4239125179
2876579429
3056140051
3779921459
3753654031
2469755011
4010043907
2581084757
4263496663
3953193403
4252328903
3238078601
2293044727
2594261063
3098093347
3307078891
2893173869
3031492291
2654150197
3597252761
2568623089
2511629293
3476505029
3804909131
4065510893
2432372729
3713308267
2262999019
2233445783
2910984283
2370639203
3127941451
3073868389
2538062477
4150226497
2851850311
2611424929
3405466709
2280652667
2842726123
4275088967
2771804251
3886527347
2958199891
3014050439
3980598703
2274963571
3544979693
3925175461
4160713033
3488801389
3601642697
2592850019
3174721867
3897449623
2209758667
3659346359
2379167543
2915790557
3598933529
4284646603
2471313037
4138732121
2358563567
2877882487
2354153173
2425404803
3823265977
2360379829
2329802597
3495702997
2432715959
3242708243
2237654459
3979859371
3028504189
2524794497
2837360387
3913254377
3285136531
3237689563
3932076683
3237384419
4008830821
3972332267
2703203429
3480488849
2613694561
3692390869
2679594887
2740628713
2847850493
4273986203
2566729157
2397963907
2467557503
2913519473
2466153737
3735179303
3054761543
2376309869
3085918111
3252899791
3920874803
3609291443
2996245913
2670203453
3367372703
2490165731
4173696713
2293784897
3577397419
4069550167
2973394649
2420970107
4064267747
3247076837
3609702559
4008552829
3697563643
4230669167
3719762153
3020994269
3065597891
2330234273
4146121757
3694363151
2733976031
3109210211
3380587957
3874509959
4047684239
2279379491
2650877561
2746567973
3176992019
2909696939
2895564839
2618382661
4252423601
4282839079
3630112939
2549401147
4096094521
2918204957
3372767669
3737108033
3924998863
2234214473
3879188837
3309002153
2984426407
3881560537
4017808633
3451073519
4112874709
2960477701
4086768373
3918382891
4003505309
3972228349
2262068177
2221856471
2158260493
2160435653
4270526917
3657648733
2197588649
2896512407
2738338061
4156210547
3187875329
3541942529
3968813249
3540848653
2316698849
3886713101
4014662297
2987861551
3535890961
3573928289
2592997837
2843157347
2669975813
3447381667
3965799293
2171492423
2494726807
3792057377
3979395143
3101469521
3549728107
2739746267
3931625759
3289561687
3471286537
2362257721
2890136749
2924642411
3609467737
3217372591
3241015061
2961400451
2680884863
2323630627
2700846607
3921721711
3418386949
3910158107
3773152717
3587318113
3490948673
3708068017
3681019009
4249373981
4026030529
3066518501
2985196477
3489053401
2552679643
3947391829
2285508793
3740490697
2777908937
2755406881
3514384151
3398020867
2715270737
2288569357
2700099251
3963767569
2306190311
3755561813
3804887777
2647589141
3680609711
3426718279
2546679869
2946957073
3366571363
3343413211
3978769187
3243492619
4086564743
3234181243
2649070703
3388098223
3739649899
2545246679
4172187449
2467973699
3658373441
3195817997
4048621777
4216760731
3378700459
3359316011
2597008823
2624951699
2452561121
2426097389
3058266889
3533589511
2983825067
3341756833
2334789991
3373315667
2555018899
3848032831
3098177519
3240950813
4137086633
2762098993
3843197707
4221438307
2655978653
3058952119
2169016373
3127777591
3028818473
3492110473
3947303557
3800056283
3820648313
3099075337
3618325229
3308121013
2611144751
2277164639
2301164713
2287411559
3122919791
3922207229
2289792851
3735633071
2341332121
3801996503
3389435281
2719489873
3445697273
2901178999
2744315753
3487003439
3054062201
3806988923
3587930383
3431686229
2374074877
3650494363
2246817961
4073377079
4158310787
2703660809
2530833317
3225857941
3210597109
3869021939
3908052493
2669209447
3150834227
2708829427
2474249543
3175033639
3432856811
2387747267
3278904481
2964243259
3975790241
2386771993
2681016313
3792902329
3655863613
3452203891
3659340547
4216278067
2440554803
2681097409
2960084411
3797252749
2277017297
2486942599
3333548909
3697634959
2724810827
2976398627
2737170257
2701800797
4166242669
3553080343
2417974459
3400119193
2848814621
2305305767
3341682139
3914825107
3335174863
3729813979
2401791013
3792341893
3780470663
2904913243
2663796557
4176253217
3880345559
2282481587
3669690757
2474782987
2318882849
2983457039
3238549169
3254190437
3656330903
3084309517
2268732041
2926302889
2194200839
3544234129
3449157113
2468761177
2355256231
2752008421
3830621447
4160784707
2658837991
4245973943
2856669839
2414238947
2968677427
2901649969
3307576691
3210633653
3068167057
2952399427
3855964951
3985792927
3499551763
2740511363
2534544079
3264362281
2699089177
3732356237
3980509279
3760290013
4002524209
4043242937
4171528927
2490599039
2274093821
2854686829
2353764071
3215708191
3831426601
2304128059
3332602619
2983226527
2645524081
3735519859
2183527417
3231465521
2234711231
3587883023
3087250843
3986271629
2161959487
2186632229
3377331977
3200694977
2732288693
3969559507
3822147319
3907026001
4003687937
2400360847
3173082443
2849911627
4124952109
2410248167
3349279613
4111773889
3971789141
4265467993
2517193079
2409478061
3595383283
4151610233
3766788791
2675007557
3670416989
2195262431
2766197647
2532180731
2895429871
2153306633
3089455063
2566027609
4282174543
2949437891
4124426459
2833020431
2224318351
2504208671
3096189353
2615140357
3397175027
2946776731
4083589529
2656027069
3428212087
3894814337
2485065017
4155879043
2725536283
3721687967
3288898939
2732736581
2334813259
4173954089
3865921277
2380494713
2520415031
4268153189
2569982383
2773550147
2705029177
2598164537
2631945473
2299615727
3258094691
3172773001
4115787971
3616365887
3854728991
3441293321
3053051693
3030284737
2553430067
4062835633
2682834641
2183283341
2344417037
2644728613
2657409607
4116644933
3180139379
2558497099
3563312111
3677040623
3014585939
2704985417
4107206381
3334629811
3145654261
3944352131
2924782099
3193984331
2840128877
3530628841
2630333357
3193872403
2524141723
3626134789
2457805279
2951200229
2804082653
3631303381
3072244363
3898294997
3270603829
4158765679
2320589237
2544753259
2510071799
2555807953
4191755873
3886340707
3812599199
3667274021
3338581079
3688915057
2780748457
3198125279
2541058979
2199719789
2449865729
3844547249
2537759911
4180054861
2381943283
3805853693
3119485483
3521585603
2732558113
3587735869
2602272817
3398390591
2193575239
2856996293
4144555381
2275636733
2336785931
3863449243
2530891771
2994441551
4012685357
3990010337
2436495851
2382952333
3535738763
3305985989
3703539757
3079851031
3897441239
3904319417
2572419749
4084507789
3780208681
3972809231
3795183121
4177385369
3828141127
4054269727
3407542967
2185382723
2886877927
2157037123
3581598929
2943006361
3675444593
3776886727
2199947329
3679932211
3031535371
2751832477
2649341819
3407496203
4207528547
4292728943
3441869719
2857608371
3460390049
3110344423
4228281131
3777914333
3629212889
3793722707
3963554563
3996143399
3764789081
3844498787
2177834983
2711502097
4008543887
3362495791
3895634471
2264129957
3421250057
3906048617
4127058043
3526496747
4084759969
3433892089
2599255003
3536769449
4026918307
3531658919
3458075419
2714574217
3654939163
3038570477
2609875621
4210666987
3700067131
3680644117
3182523923
3918689389
4267643027
3344809009
3786495443
2850994063
2948285831
2199475781
4011656743
3807499273
3777087341
3494555957
2410993649
2766254863
3905350817
3418886197
3969657541
4187919739
4212250571
3307476097
3786881029
2759171299
2954767961
3012634381
3800798951
3982990507
4080632221
2367285847
2190167201
4055704453
4171807063
3636005941
4018645009
3329952553
3021786413
3260244103
2160022379
2168379953
3155450603
4229013209
3104974381
2301813229
3829153037
3581115017
2403615563
3551597507
3884667497
2208910469
4105259843
3858747379
3031981079
3832707017
2726082713
4145920447
4257913057
2899856917
2149919531
3068865311
4144714879
4216263017
3412211749
2190449683
3816689717
2983325669
3124365479
3248248709
4230785677
2900481281
3259131847
2666177713
3502687703
3509901113
2703300661
3367164067
4063820203
2597473213
2366227139
3455218313
2441121799
4276498417
3065654483
3099728531
3791399779
2193200323
4284604903
3969377891
3427975813
2669579813
3864034901
3505971487
3042137993
2292174121
3590369863
3889159333
3290648087
3703896761
2441055341
3527294753
3085216793
3113472301
2291461553
4282597351
2892262589
3450089611
4134721831
2443896113
4278834823
3871183103
3821752709
3009342443
3841398983
2178739067
4011155383
4001467397
2273655491
3949187939
4123778287
3239693827
2314811033
2539042213
2679286471
2479135039
3104263133
3839549947
2481011921
4180382309
2963555213
2862718283
3649972259
3570184103
4061239001
2299399391
2627911729
3086909167
3592304873
4270623641
2456315791
3649456849
4005515051
2311486217
3419215963
2902532911
4050345347
4280871689
3246498523
2476413829
2794319639
3354327989
2608341941
2277697651
3097733713
4221209969
2347317827
3587875751
2683251293
4012991687
2889583087
3564293717
3991004261
4220415809
3258166823
4156519561
3798271069
3799538749
2652072667
3387797201
3614106187
3171272911
3346889009
2572992119
3245589553
3835158589
2592589361
2473436249
2641278023
3861735151
3907666907
3713775049
2616458879
3867941921
3700932023
3189841253
4015320451
3186223093
4093861943
3494600033
2866392317
4164233833
3484710179
3910250381
2490261379
3879940109
4215673661
3673399003
2226145409
3014399911
2157724627
3950184443
2685826951
4039825859
2897388853
4031178119
2300866739
3865981121
2215148713
3142831339
3077255947
3788565797
3013471049
3304729499
3869315179
2974878227
2912196967
3133929647
3750781861
3007699147
4127372929
3405474161
3883768013
3007418851
2911433699
2446091567
3885590711
3573784547
3118222409
3360851903
3089486731
4267715149
2856113867
3729328769
2752467583
2712241409
3947462681
4218116059
2227465469
3449461061
2944051249
2243380921
3872550233
3692729917
3536586497
2722966091
3330287659
3444640253
2263244701
3116913743
3100488733
3635503523
3269830271
2699759831
4136624929
2154181157
4019222219
2322750923
4240851227
2242100813
3871742717
2620764127
4141592417
2455498601
2644595077
3601202719
3033366517
2364782131
3376822039
3477220433
3530168311
3388177291
3726892739
3428019473
2172203393
3527230649
3525376901
4101754121
3480373021
4102386403
3658737697
3301935701
2353588813
2668730651
2470184819
2838909197
4103846267
3689918707
3914437987
2899361587
2462903293
3265571549
3806332927
2228334151
3631187873
3973011143
2372239273
3327712261
2297993839
2992764263
4283682523
3014182429
3310021697
3430036417
3192371437
4065977347
3118943669
2294912717
4220277913
3373778509
2185231903
3760985743
2246580157
3206002447
4111170221
2589956333
4023435989
4293665279
4227913841
3127020937
3701946487
3961986521
3584191859
3728052397
2263380653
4240085951
2431245823
2153494943
3554232337
2703694241
2528264371
3168896579
3773020829
3134540051
2204604757
2647194461
2511631973
2519244407
2330961901
3592907677
3980107961
3189186731
2550681269
2955095333
3129796613
4024253963
3148341533
3757023377
2490340511
4042675199
3871435853
2518184341
3328120903
3895803391
3821704123
2284113541
2823883703
4036997857
3872271779
4183270543
3477364873
3010241461
3082458299
2533789649
4265835779
2834930669
3258632959
4169446847
3056431691
3924028991
3992714497
2389434521
2583871627
4072722707
2988026827
3940381309
4207608023
2992964081
3354850469
2707868689
3511660513
3188908771
2460674521
3257264903
3458747443
3525232181
3957896543
2775545407
2901439271
3750797653
4280474101
3215903837
4256834873
4034770139
3901778927
2905463269
2920701961
3418713253
2612366527
4197965999
3225238483
3749087747
2699552731
2893892069
2576106959
3352666351
4090259521
2527620649
4121884357
2785374239
2636119921
2451537817
3374668567
3970973297
3885183997
3715126447
2941060873
3759783931
4213232983
3147192749
3076788623
3101084369
3854071867
2299191859
4128327473
2987421187
4185123973
3566666231
3199146733
4204364999
3060272177
4018609211
2283561061
2956285721
3741913873
2904957553
3044645287
3347659937
3887300941
2836848383
2215092767
2553865747
3384449833
3126918169
2268586409
2882441183
3017854481
2936534807
3302116099
2346349799
4044878899
2431669529
3358321913
2223415049
2980546883
2364093337
3309064601
2916956843
2989800607
2200795823
2533601099
3480925433
2164961947
2670080087
2976816797
3049142461
2638996169
3328223513
2980153117
4172340163
3777868709
2344279433
3098853421
4250246141
3608908319
2499023407
3499805983
3573343759
2881036471
2886669307
3437705693
2561486107
3415002779
2768597639
2537693779
3787988579
4048143383
3539242061
2696912767
3985855781
3475534003
2187218221
3002047067
2223611149
4160483279
3017300921
2630496541
3585312277
3211887883
2793652049
4177107881
3970103311
2188728811
3104292619
2752191881
3207789799
3533814377
2622541013
2650084573
2244310459
3622852183
2885131463
2564822059
3957863933
3884239861
2766564239
4125453499
3180290033
2302691009
3084681473
3250821179
3127824607
3712924519
3826017641
3134281289
3485296151
4008381551
2708882861
4072195723
3051252551
3868428451
3389957413
2266839713
4047746411
2859485383
3438896933
2394334843
2807588227
3123373303
3362956279
2919825043
2701562261
2983143797
2819892997
4132436537
3431610271
3437732447
4276662959
3075156761
2163164917
3437103031
4112088779
3034514293
3427739321
2643816947
3143865859
3954788027
2572861201
4120466921
2362389527
3838822103
3660340093
2776845037
2443830589
3277861381
2375863799
2709578213
3281115653
4123446043
3872649569
4286018741
4137396457
2560519441
3167967433
2403447733
4203421459
3760522331
3786279883
3153804139
4279095971
2642830913
2810200903
4059530119
2391904387
3793432813
3670094027
2955396643
3347909563
3105342313
3498172967
3896298383
3169570783
2949969343
4111824443
2911927999
2922141197
3332724049
3381368579
3711890983
2768875013
3806105761
2210541101
2602289593
3828433423
4264399807
3790055051
4034877887
3031045207
3646267973
3259177891
3027254437
3836684333
3338468681
2170447369
2177402089
3479346887
4286111593
4227801751
4067326847
2643803341
2971177471
3724493609
2877109267
2865983873
2455570769
3386020511
4135306543
4003005679
2814827833
2544884033
3926875643
3338054813
3241857973
3273396187
2269941959
2454051857
3691137227
3979234463
4047629279
2736464617
3660897829
2489097203
3349853891
3836600527
2455703693
3451593059
3264431333
3851372479
3200013433
4098741029
3505025929
3572533897
3713374493
2998466077
3979746989
2671631929
2875579543
4000393477
4115845141
2891572207
2696679487
3019740289
2731486337
3524345731
4193824127
4229566753
3284757191
4190642777
3343948039
3140869169
3389445217
2317064173
3503020321
2886514273
3214955437
3108806153
2152166717
4269545771
2671307123
3167092309
3635204329
4115341129
3633133661
3989780551
2876155379
3028918097
3335074063
3921472003
3618837643
3006317507
2157083987
2637751147
4291433969
2329115713
4243446239
3820268623
3407517341
3563678851
2195164567
2990190043
4289617019
3326545301
4013582311
3374657989
3387203801
4027654457
4057886419
3714323969
3345111919
2688273769
3479142221
2642723087
3189209131
2263556023
3947760581
4147589311
3743096099
3629704879
2455948939
3652858943
3700293313
2515080209
3624003919
4263313903
2553998441
3004014287
4213400483
3671937427
2857232671
3093984457
2965682381
3399845333
3561537467
3297005237
3839302711
2645703967
2866229551
3822928297
3835094059
2213827589
3416054363
3095873197
3758799743
3611668481
3131416411
2844843017
2496426839
2373669763
2349467333
3017307913
4131427997
3389847049
3814798151
3726111427
3290197457
2779684111
2590114601
3451482571
4119939217
2962776233
2515482097
4267745459
3568454077
4246672141
3407827607
3360211781
3768215623
4285104613
3787656989
3785848999
2749214929
2394414047
3641349247
2645567579
3308524621
2595673957
3415593107
3717014633
4016479321
3326132869
3225405977
2528306899
3984033397
2228698063
4210332199
2481324583
4062776287
3882882049
3751954579
2380427233
2736970429
2383814777
2920398529
3910440817
2693935429
2740280077
3114442267
3862719943
2530449359
3896434169
4242889337
2743842583
3223664537
2285314349
3871915511
3921857003
3127353247
2968823443
2702784811
2698819811
2675090863
2164029113
2193401929
3662690041
3701910503
2479545181
3014002763
3599435843
3093798559
3598669729
2520952639
3927100123
2203641179
2997846199
2509545497
2690915303
2887437023
3845021161
3150631817
3788721707
2245467979
3717653243
3994245799
3855986353
2303280557
2872508099
3895211171
3313266947
3912525317
3199237661
3991841509
3684742949
2765717621
3229884683
2560342123
2393383327
2548309553
3194539877
2366256601
2528376313
2376922829
3080520931
3863798053
3187423009
2309214223
3082457347
2724363403
3550502327
4131277537
2621680981
3257753641
4088030413
3990379301
4081463669
2742539221
4124454137
3412396051
3117582379
3250673407
2468665691
2338742689
2245597751
2968140859
3938474959
2700569611
4086437827
3137937137
4055416991
3064276051
2700258983
2490134027
3769969373
2502961133
2364879229
2428131337
2988411479
3179314181
3012029243
4071774379
3720138319
4075818907
2552128223
3284590033
3068522707
2244028999
2666821337
3719722603
4084850453
3726438161
3186832843
3848717149
2414345629
2657366389
3242774539
3643343551
2467496939
3660836749
3008749993
3907206071
3706973857
2994943793
2951855747
4182718109
2675490563
2691723367
3895236617
4176037447
3055832867
2506486417
3903447179
2978892757
3085082453
3464866949
2660803259
2638954069
4098950833
3691064851
4249624829
3310851413
3928215349
2726773369
2816357287
3651951241
3934576181
4222340533
2517874481
2421618593
2314164161
3057061121
3389520133
2681752973
3185292797
2998951309
4252282889
2287493177
2185456027
2865116159
2691913447
2748288203
4100876411
2321114921
2910871721
3698051891
3041636267
2174205287
3269522317
3048128483
3876412523
3760168469
4185101927
2859657611
3611280973
4047741419
2609176481
2241994541
3147648607
3195965827
3930075719
2220284791
3477459347
3412759751
3039674087
3898227577
4181130871
3345870601
2410416847
3933549481
2384821969
3345031171
3099321319
2412336403
3681527833
2518302509
3967108351
3917254667
3828901019
3879811987
2893232191
2588112617
4257278527
3825373217
2410198949
3394369883
2581729387
2958421637
2995649621
4100753081
2376616709
3332685511
4024949927
4025546159
2866257187
2574744209
2855938909
3453216911
2253057199
4161219131
3012759133
4174870907
3642665797
2657957059
2859818909
4215821627
2594821949
3106832269
3849976811
3546419953
3179136997
3413969593
2881398083
3184679789
4066163161
3454543447
3311970163
2154521023
4119522409
2825951039
2844404149
3113118647
2770272293
3384369553
3123916727
3603982751
2333537309
2890448369
3976042997
3054870337
3727014931
4006218091
3916096141
2281012277
3368149823
2534515807
2638800863
3899033141
2872160839
3112493369
3981778349
2849817739
3826428269
2579806771
3355968739
4057252349
3469841539
3712675853
2491199201
3134462117
3267271529
2510382631
3033693829
3239925553
3187720651
2245776527
3469813847
4137294017
3167685137
2931393233
2633859511
3389734379
2391959777
3614144591
3221017759
2920510519
4011538379
3036198721
4105631573
3995674049
3128689217
3311764607
2373199981
2908110397
4281817877
2660291323
3080232409
2603140817
2621008427
2448257041
3099007727
4036503311
2815240723
3118604263
3782026531
2396653109
3129903367
2600524231
3487630957
2647759559
4239523129
2282735849
3007030063
3413943779
3556522471
4170738283
2891309419
2341118309
3563775767
3259237837
2171645423
2308942463
2969976883
2775511391
3288514553
3896679301
2352089251
3909674599
4022190329
3489659399
2684814631
3206419439
3033534347
2485378193
2336734789
2424581689
2774835067
2332268899
2469263239
3701025421
3607734127
3678510047
3097840891
2474969437
3779375851
2244569669
3985335623
2722989103
3932613379
2540194469
3990720533
2438690377
3364269899
2673412033
3575862707
2692743241
2907747767
2689089407
4075001159
2784057469
4232169829
2862865037
3948035963
3129151271
4053921587
2820256903
2442350819
2275682683
3627684979
3132785921
3183840073
3287803021
3434561387
2630676491
2757149933
4036729223
3931110919
2670174691
3057071957
4031753353
3961908059
3076741781
2968327519
3574550711
2928928159
2945799209
3135756649
3400591093
2963520757
3537256033
2494838917
2272655381
3947456819
3800001013
2805746129
4189505077
3912924179
3566828227
3872777747
2507369411
2402871551
2359464353
3453354167
3313373753
3448853921
2391399001
3982603211
3230712713
2211699691
2369114039
2879295773
2679913997
3228796049
3862862021
3024316709
3210388399
2761380367
2777248073
3522502849
2712224143
2679352211
2268664591
3132299143
2201031353
3764850689
4068827881
4096436629
4152259211
3707409331
2825082563
3990220541
3479573017
2505451199
2184459071
3915336847
3278190583
4224673133
3581681657
2334272659
2693636581
3946941643
2204817521
3497934131
3046602617
2325929167
3607715593
3146720977
2248532287
2710852273
2593989413
4010704297
3075020567
4037321819
3499393453
3273597779
4282443703
4161647333
3891691429
3940188697
2447039291
3233833277
4133235283
3494988053
2483947337
4046808433
3274661081
2526972731
2982877021
4025669953
3208321643
4219603991
3609179489
4204174451
4150391657
3221118569
3056255929
3482911013
2289068477
2948387857
2524728317
3075329281
4024109519
2232942269
2598212233
2703844513
3256867403
2908307293
3989561897
3599149979
2583419029
3894670313
2245025537
3669762667
3283840177
2993542271
3940697701
2502301079
3548240359
3493497751
2712465883
2920310461
2404460221
2987908999
2403419233
3485471707
2546519341
3257285063
2844192749
3838844041
2592382147
2924790457
3202325647
2477571353
3098333921
3017736751
3142100029
2301442219
3504547481
2402915771
3117935497
2828496401
3269182559
2280555037
2638221473
3715856927
3338468519
2320530089
3943618297
3655606217
2329949411
3205404053
2960977589
3009688049
3325536601
3823029823
3736710403
2463499763
3119698999
2726455799
3453666397
3138376127
3853829921
3260918383
2415414283
3582449041
4127910221
4061106589
4060408931
3897383407
3196549513
3149797613
3665625767
3908882903
2840015041
2746863997
3730604783
2891242727
3185259751
3233850967
2963723023
2577753569
4213705369
3141136499
2623889029
4199230051
2776755349
3405265379
2187077969
2538559753
3810772001
4263213833
3641686681
4243541543
3988487051
3358133041
2768330237
3584333461
3541543729
2578298647
3838812409
2294433131
3936075137
2417362687
4263150337
2250046963
3208125677
3262869479
3878225237
3974359643
2757061499
3491401033
3114296803
3011487053
2293493201
3470572921
2566418501
2677863109
4025845541
3551363161
3736666951
2455688299
3972044987
3811338599
4061449663
3622878533
2872090589
3239563343
2415924089
4106150827
3363063037
3086037961
3237534649
3067985281
3309638767
3264439069
3274709057
2833753733
3466343887
3752426591
2185466653
2781169387
4181904577
2798146279
4089226217
3896678801
3335148469
4256364493
2811708923
3637207697
2786158541
2799460613
3029561629
2792656577
3205359389
3537920527
3930695981
3194711197
4000849079
2782840253
2202873587
4011327091
3833890597
3810521417
2733634067
2460410089
3270604763
3141199669
2268192643
4255592071
3627149159
2181367099
3195402079
3206606797
4179938669
4032257989
2934010441
3239855777
3790573379
3687522667
3067993967
2622449821
2629084753
2468653753
3252486353
3117255727
2356436909
4072473221
2894755879
2378382857
4199789177
3075943567
3790503361
4261379407
4065551801
4092840667
3682013693
2374922189
